x =     [-4.30971639920884
          4.06022451088881
        -0.525899397493373
         -3.93614799429158
          1.65259778526763
        0.0227337714439688
        -0.907936179468213
          2.27993470338123
          -3.2790959071163
         -1.15539108398118
         -2.32998862482468
         -1.91779126429553
         -3.22697197041867
        -0.174415222773706
          1.29717195869316
         -4.40446676175566
         -3.03112731560982
         -2.20791564768193
          2.07820608111587
         -1.72570914784118
        -0.747059560959062
          2.04767500682015
         -3.40922829736413
        -0.605961111146808
          1.29329985950509
          4.25058099643894
         -1.43012036658184
          3.19133446743778
          1.40142789656958
          2.15052493076223
          2.38422516825817
          4.70999612577972
          -2.5395076243546
          -4.5741841965441
          -2.5220272649416
         -4.54983363257425
          2.05461626866523
          3.34706770558882
          4.34135855024442
         -0.29206644103943
         0.123595171362272
         -2.37019523225734
         -4.01103290858143
          2.98846356784324
         -3.57197223634224
          3.05665785584553
          3.79526100932953
     -0.000798358040708713
          4.14251940867931
        -0.875874085428803]
y =     [-2.996264127146
          1.43571108576336
         -1.00134856894647
          1.14231497939336
        -0.626886032989682
         0.931037466558152
          4.51440010760542
         0.531204339168045
          4.03735357224149
         -3.61495245128185
         -4.98456237428824
          1.12834345523537
         0.417029302333204
          2.80630658526171
          3.21493953702136
           4.5340975613829
          1.09956091657209
         -2.09918178123533
          3.26807993917795
          -1.2398310627421
          1.09177025928795
          1.20021556720918
        -0.585000300896066
         -3.01228104687282
        -0.560463790864566
          4.24767344321931
          1.71434359706439
         -4.18476903371121
         0.726592489589111
         -3.79337802243998
          4.99963723778639
          4.97380347250311
          1.94712142736908
         -1.26120155901823
        -0.984892110333456
          4.25099413004847
         -2.55141158227265
          1.64012680393818
        -0.187792489283587
         -4.65056441082813
         -3.89104538064624
          3.95369379967117
           3.9210113801725
          4.15160987809122
         -1.92598329043628
         -2.01580370162956
          1.59251858926405
         0.951377226079403
          4.84369011651947
          1.15622256923337]
z =    [-0.053585101713304
         0.149440839571915
         0.144709121250924
       -0.0723874372648393
         0.166336970866017
       -0.0950682825652836
         0.159179034041242
         0.169631207141877
         0.155109970105029
        0.0958608088577445
      -0.00137342771048837
        0.0636137986995745
       -0.0286194495540136
         0.161535397383034
       -0.0469798773219191
        0.0111907601472359
         0.127875358633766
      -0.00814482729720359
         0.084841776488488
        -0.034212647508183
         0.161757099888354
        0.0943594727481941
        0.0419008834267595
       -0.0297429036605906
          0.15014654391802
       -0.0704451026416885
       -0.0384919419513404
       -0.0295808278672608
        0.0790921317529594
         0.088540262292796
         0.194795312485758
       -0.0471050002626188
         0.139993223887099
       -0.0534207979694695
       0.00829758746777828
         0.186522576994921
       -0.0609524896435979
       -0.0181460244543912
         0.142735360422233
         0.189697117002116
        -0.072273350790865
         0.075027281062588
        0.0216278918991265
         0.169797256354771
       -0.0745649663291645
        -0.045659117018181
       -0.0848003578942982
      -0.00961637856097906
        -0.042944843708637
       -0.0974183838361388]